-24639
tent)
-24
